0
1
19
168
0
13
19
168
0
1
81
18
168
0
2
19
168
0
10
97
271
18
168
0
14
86
17
168
0
10
99
172
168
0
2
109
18
168
0
14
209
110
17
168
0
11
112
17
168
0
1
86
17
168
0
4
220
18
168
0
1
94
19
168
0
12
114
18
168
0
13
94
18
168
0
12
100
17
168
0
3
99
18
168
0
16
69
19
168
0
15
93
20
168
0
10
17
168
0
8
93
18
168
0
10
168
0
93
18
168
0
11
116
17
168
0
2
103
17
168
0
15
102
18
168
0
3
88
17
168
0
9
103
18
168
0
9
97
17
168
0
2
97
17
168
0
7
98
18
168
0
7
82
18
168
0
16
111
18
168
0
16
71
17
168
0
8
99
17
168
0
6
17
168
0
12
102
18
168
0
14
12
18
168
0
16
98
17
168
0
4
100
17
168
0
10
93
17
168
0
16
67
18
168
0
9
112
18
168
0
9
98
17
168
0
5
94
17
168
0
9
20
168
0
10
103
18
168
0
5
99
17
168
0
16
115
17
168
0
14
93
17
168
0
8
103
17
168
0
15
69
17
168
0
9
235
17
168
0
16
95
17
168
0
9
99
17
168
0
5
105
18
244
91
17
168
176
17
168
0
10
18
168
0
15
102
18
168
0
11
105
210
17
168
0
15
89
17
168
0
5
18
168
0
149
19
168
0
15
98
18
168
0
15
98
17
168
0
16
98
17
168
0
4
66
17
168
0
9
96
17
168
0
7
103
17
168
0
2
98
17
168
0
260
17
168
0
12
116
17
168
0
12
98
18
168
0
168
0
13
98
17
168
0
13
103
17
168
0
16
88
17
168
0
11
110
18
168
0
1
69
14
98
17
115
17
168
0
16
291
206
18
168
275
17
168
0
15
114
17
168
0
12
93
17
168
0
17
168
0
8
110
87
17
168
0
12
87
17
168
0
12
102
18
168
0
4
91
17
168
0
12
95
17
168
0
14
96
17
168
0
6
98
17
168
0
101
29
17
168
0
16
69
17
168
0
15
90
17
168
0
10
98
19
168
0
4
81
17
168
0
16
101
17
168
0
14
18
168
0
14
89
17
168
0
13
18
168
0
5
76
17
168
0
3
95
17
168
0
13
99
17