166
161
170
0
10
94
19
168
0
10
94
19
168
0
6
97
18
168
0
6
97
18
168
0
12
99
18
168
0
12
99
18
168
0
3
103
20
168
0
3
103
20
168
0
3
104
22
168
0
3
104
22
168
0
11
104
22
168
0
11
104
22
168
0
6
103
17
168
0
6
103
17
168
0
11
101
17
168
0
11
101
17
168
0
12
99
18
168
0
12
99
18
168
0
5
99
17
168
0
5
99
17
168
0
7
103
17
168
0
7
103
17
168
0
7
101
17
168
0
7
101
17
168
0
10
103
17
168
373
315
395
365
315
395
298
307
395
298
299
395
298
307
315
395
298
305
364
315
395
298
305
364
315
395
298
310
376
315
395
298
306
370
315
395
298
308
395
298
303
358
315
395
298
303
395
298
310
315
395
298
306
370
315
395
298
311
376
358
315
395
298
310
395
298
311
315
395
298
299
352
315
395
298
310
310
358
315
395
298
308
376
315
395
298
299
395
298
306
315
395
298
305
395
367
315
395
298
310
395
298
307
370
315
395
298
305
360
315
395
298
310
364
315
155
315
395
298
299
315
395
298
313
395
298
306
360
373
315
395
298
299
315
395
298
313
315
365
315
395
298
313
370
315
395
298
313
370
315
395
298
310
364
315
395
298
313
395
298
305
367
315
395
298
303
370
315
395
298
308
315
395
298
304
360
315
395
298
303
367
315
395
298
313
354
315
395
298
306
365
315
395
298
304
360
315
395
298
307
370
315
395
298
308
395
298
299
370
315
395
298
299
365
315
395
298
299
354
315
395
298
307
360
316
395
298
310
315
395
298
307
376
315
395
298
313
354
315
395
298
304
315
395
298
305
315
395
298
304
315
395
298
307
365
315
395
298
310
315
395
298
303
370
372
315
395
298
305
395
298
310
358
315
395
298
313
358
315
395
298
310
315
395
298
304
372
315
395
298
305
360
315
395
298
307
353
315
395
298
304
358
315
395
298
306
353
360
315
395
298
305
354
315
395
298
304
360
354
315
395
298
308
358
315
395
298
304
315
395
298
304
365
315
395
298
305
360
316
395
298
311
315
395
298
313
353
315
395
298
306
395
298
299
395
298
308
373
315
395
298
310
395
298
306
395
298
310
395
298
308
358
315
395
298
304
315
395
298
308
360
315
395
298
307
365
315
395
298
311
316
395
298
306
376
315
395
298
304
315
395
298
313
370
315
395
298
307
367
358
315
395
298
305
364
315
395
298
306
358
315
395
298
313
315
395
298
305
370
315
395
298
306
358
365
315
395
298
310
360
315
395
298
311
315
395
298
299
395
298
308
395
298
305
315
395
298
303
395
298
310
315
395
298
311
316
395
298
313
315
395
298
313
353
315
395
298
313
372
315
395
298
304
315
395
298
313
353
315
395
298
308
315
395
298
310
372
315
395
298
313
360
315
395
298
299
310
372
315
395
298
305